Well data
5
i_index
j_index
k_index
Ip
Facies
10092.0 10064.0 10099.0 8029.843144 0.0
10034.0 10094.0 10060.0 8713.057394 0.0
10099.0 10077.0 10065.0 7654.760442 0.0
10011.0 10024.0 10095.0 7833.037935 0.0
10029.0 10048.0 10038.0 7931.158267 0.0
10040.0 10046.0 10000.0 7499.491551 0.0
10021.0 10028.0 10020.0 8341.727657 0.0
10048.0 10088.0 10017.0 8264.339938 0.0
10024.0 10019.0 10042.0 8578.238891 0.0
10099.0 10082.0 10012.0 7920.734202 0.0
10064.0 10087.0 10072.0 8477.028028 0.0
10078.0 10028.0 10051.0 7762.966506 0.0
10097.0 10025.0 10017.0 8544.722402 0.0
10074.0 10068.0 10004.0 7930.843925 0.0
10058.0 10023.0 10064.0 7433.235329 0.0
10015.0 10004.0 10023.0 8071.013761 0.0
10062.0 10067.0 10051.0 8211.831567 0.0
10004.0 10074.0 10034.0 7894.97848 0.0
10001.0 10027.0 10001.0 7699.13109 0.0
10076.0 10016.0 10072.0 8743.051192 0.0
10023.0 10064.0 10037.0 8085.014076 0.0
10043.0 10070.0 10095.0 8024.672229 0.0
10002.0 10020.0 10084.0 7958.96816 0.0
10052.0 10095.0 10091.0 7940.454022 0.0
10067.0 10073.0 10085.0 7824.767334 0.0
10064.0 10008.0 10011.0 8833.472912 0.0
10058.0 10002.0 10049.0 7186.83206 0.0
10099.0 10094.0 10006.0 8581.18035 0.0
10007.0 10089.0 10055.0 8086.874695 0.0
10011.0 10050.0 10024.0 7420.681175 0.0
10095.0 10062.0 10040.0 7369.672652 0.0
10044.0 10080.0 10021.0 8283.174912 0.0
10064.0 10025.0 10034.0 7961.988359 0.0
10050.0 10054.0 10041.0 7871.679566 0.0
10014.0 10050.0 10028.0 8255.460733 0.0
10075.0 10070.0 10009.0 7918.805039 0.0
10042.0 10006.0 10095.0 7963.739836 0.0
10015.0 10045.0 10044.0 7900.149168 0.0
10018.0 10072.0 10004.0 7717.460024 0.0
10060.0 10041.0 10077.0 7574.606293 0.0
10067.0 10067.0 10090.0 7833.731382 0.0
10043.0 10006.0 10013.0 8239.143051 0.0
10063.0 10075.0 10049.0 7314.882302 0.0
10071.0 10002.0 10002.0 8071.957514 0.0
10056.0 10014.0 10040.0 8145.085806 0.0
10014.0 10087.0 10076.0 7746.840804 0.0
10016.0 10091.0 10072.0 6956.776348 0.0
10034.0 10047.0 10065.0 8238.245362 0.0
10051.0 10083.0 10030.0 7457.895131 0.0
10021.0 10016.0 10042.0 8168.511145 0.0
10045.0 10094.0 10064.0 8340.675347 0.0
10009.0 10061.0 10035.0 7911.179109 0.0
10023.0 10065.0 10063.0 8509.052801 0.0
10052.0 10023.0 10030.0 8182.058629 0.0
10086.0 10050.0 10035.0 7967.218565 0.0
10020.0 10094.0 10005.0 7735.235585 0.0
10028.0 10003.0 10002.0 7980.406306 0.0
10027.0 10073.0 10074.0 7570.279136 0.0
10084.0 10038.0 10069.0 8419.293249 0.0
10030.0 10086.0 10026.0 8197.750825 0.0
10082.0 10006.0 10091.0 8781.158587 0.0
10040.0 10060.0 10060.0 8234.404668 0.0
10047.0 10093.0 10001.0 7303.166833 0.0
10078.0 10054.0 10080.0 8592.262269 0.0
10071.0 10015.0 10077.0 7821.132914 0.0
10088.0 10029.0 10033.0 8581.820413 0.0
10002.0 10010.0 10015.0 8005.211818 0.0
10045.0 10096.0 10007.0 8440.068829 0.0
10026.0 10083.0 10042.0 8243.94295 0.0
10092.0 10071.0 10019.0 8255.59757 0.0
10096.0 10090.0 10055.0 8183.403931 0.0
10023.0 10047.0 10015.0 8596.728981 0.0
10087.0 10058.0 10050.0 7770.519913 0.0
10078.0 10042.0 10097.0 7733.101066 0.0
10002.0 10092.0 10042.0 8023.850962 0.0
10057.0 10050.0 10074.0 7860.709807 0.0
10084.0 10005.0 10077.0 7473.914214 0.0
10023.0 10031.0 10003.0 7086.867625 0.0
10024.0 10054.0 10084.0 8799.997033 0.0
10019.0 10046.0 10059.0 7751.31477 0.0
10051.0 10060.0 10057.0 8412.286781 0.0
10000.0 10068.0 10032.0 7935.330806 0.0
10005.0 10055.0 10028.0 8382.428216 0.0
10071.0 10016.0 10009.0 8712.272318 0.0
10046.0 10013.0 10008.0 7583.495778 0.0
10019.0 10060.0 10042.0 8296.152983 0.0
10084.0 10085.0 10049.0 8593.126708 0.0
10024.0 10005.0 10075.0 7562.785136 0.0
10021.0 10059.0 10000.0 7829.913216 0.0
10030.0 10019.0 10001.0 7889.533691 0.0
10018.0 10043.0 10022.0 8495.642605 0.0
10098.0 10092.0 10046.0 8585.867465 0.0
10026.0 10084.0 10057.0 8482.428361 0.0
10088.0 10080.0 10038.0 7178.29483 0.0
10049.0 10005.0 10063.0 8496.631188 0.0
10051.0 10078.0 10047.0 8865.699132 0.0
10061.0 10042.0 10038.0 7330.143223 0.0
10045.0 10046.0 10053.0 7612.781223 0.0
10083.0 10076.0 10071.0 7702.844649 0.0
10035.0 10007.0 10055.0 7216.076845 0.0
10092.0 10064.0 10099.0 6717.500057 1.0
10034.0 10094.0 10060.0 6422.05055 1.0
10099.0 10077.0 10065.0 5712.660887 1.0
10011.0 10024.0 10095.0 5626.511371 1.0
10029.0 10048.0 10038.0 6619.023552 1.0
10040.0 10046.0 10000.0 6670.480671 1.0
10021.0 10028.0 10020.0 6881.013216 1.0
10048.0 10088.0 10017.0 6421.411002 1.0
10024.0 10019.0 10042.0 6145.759328 1.0
10099.0 10082.0 10012.0 6582.586982 1.0
10064.0 10087.0 10072.0 6577.682708 1.0
10078.0 10028.0 10051.0 5938.572017 1.0
10097.0 10025.0 10017.0 6863.479117 1.0
10074.0 10068.0 10004.0 6420.887792 1.0
10058.0 10023.0 10064.0 6078.362803 1.0
10015.0 10004.0 10023.0 6423.620495 1.0
10062.0 10067.0 10051.0 6878.282881 1.0
10004.0 10074.0 10034.0 6503.756467 1.0
10001.0 10027.0 10001.0 6454.444382 1.0
10076.0 10016.0 10072.0 6278.243819 1.0
10023.0 10064.0 10037.0 6470.291 1.0
10043.0 10070.0 10095.0 6079.338012 1.0
10002.0 10020.0 10084.0 6883.670314 1.0
10052.0 10095.0 10091.0 6053.670893 1.0
10067.0 10073.0 10085.0 6951.084579 1.0
10064.0 10008.0 10011.0 6615.516988 1.0
10058.0 10002.0 10049.0 7017.96198 1.0
10099.0 10094.0 10006.0 6689.869321 1.0
10007.0 10089.0 10055.0 6700.989106 1.0
10011.0 10050.0 10024.0 6876.998426 1.0
10095.0 10062.0 10040.0 6458.42165 1.0
10044.0 10080.0 10021.0 6648.351998 1.0
10064.0 10025.0 10034.0 6137.544865 1.0
10050.0 10054.0 10041.0 6582.396702 1.0
10014.0 10050.0 10028.0 6387.546663 1.0
10075.0 10070.0 10009.0 6874.422573 1.0
10042.0 10006.0 10095.0 6321.49005 1.0
10015.0 10045.0 10044.0 6014.210154 1.0
10018.0 10072.0 10004.0 6738.072561 1.0
10060.0 10041.0 10077.0 6424.311952 1.0
10067.0 10067.0 10090.0 6910.443633 1.0
10043.0 10006.0 10013.0 6452.271078 1.0
10063.0 10075.0 10049.0 6019.04907 1.0
10071.0 10002.0 10002.0 6690.735875 1.0
10056.0 10014.0 10040.0 6630.598986 1.0
10014.0 10087.0 10076.0 6647.91203 1.0
10016.0 10091.0 10072.0 6766.06988 1.0
10034.0 10047.0 10065.0 6700.61862 1.0
10051.0 10083.0 10030.0 6646.18001 1.0
10021.0 10016.0 10042.0 6328.667491 1.0
10045.0 10094.0 10064.0 6271.931146 1.0
10009.0 10061.0 10035.0 6728.34368 1.0
10023.0 10065.0 10063.0 6266.087904 1.0
10052.0 10023.0 10030.0 6487.733725 1.0
10086.0 10050.0 10035.0 6387.625626 1.0
10020.0 10094.0 10005.0 6346.976668 1.0
10028.0 10003.0 10002.0 6433.305327 1.0
10027.0 10073.0 10074.0 6525.329274 1.0
10084.0 10038.0 10069.0 6671.853242 1.0
10030.0 10086.0 10026.0 6255.051176 1.0
10082.0 10006.0 10091.0 6730.765856 1.0
10040.0 10060.0 10060.0 6537.223003 1.0
10047.0 10093.0 10001.0 6045.822242 1.0
10078.0 10054.0 10080.0 6914.071856 1.0
10071.0 10015.0 10077.0 6308.693066 1.0
10088.0 10029.0 10033.0 6457.145981 1.0
10002.0 10010.0 10015.0 7003.213844 1.0
10045.0 10096.0 10007.0 6776.672134 1.0
10026.0 10083.0 10042.0 6913.130951 1.0
10092.0 10071.0 10019.0 6715.105992 1.0
10096.0 10090.0 10055.0 5618.688394 1.0
10023.0 10047.0 10015.0 5873.596046 1.0
10087.0 10058.0 10050.0 6642.878278 1.0
10078.0 10042.0 10097.0 6094.761576 1.0
10002.0 10092.0 10042.0 6356.84708 1.0
10057.0 10050.0 10074.0 6405.765632 1.0
10084.0 10005.0 10077.0 6540.258726 1.0
10023.0 10031.0 10003.0 7170.795653 1.0
10024.0 10054.0 10084.0 6975.924864 1.0
10019.0 10046.0 10059.0 7056.662699 1.0
10051.0 10060.0 10057.0 6472.888315 1.0
10000.0 10068.0 10032.0 6361.568534 1.0
10005.0 10055.0 10028.0 6186.559506 1.0
10071.0 10016.0 10009.0 6625.125381 1.0
10046.0 10013.0 10008.0 6427.991611 1.0
10019.0 10060.0 10042.0 6761.188513 1.0
10084.0 10085.0 10049.0 6355.372588 1.0
10024.0 10005.0 10075.0 6411.420343 1.0
10021.0 10059.0 10000.0 6598.840264 1.0
10030.0 10019.0 10001.0 6731.569913 1.0
10018.0 10043.0 10022.0 6534.280746 1.0
10098.0 10092.0 10046.0 6458.308855 1.0
10026.0 10084.0 10057.0 6394.590395 1.0
10088.0 10080.0 10038.0 6182.487887 1.0
10049.0 10005.0 10063.0 6525.575615 1.0
10051.0 10078.0 10047.0 6657.604422 1.0
10061.0 10042.0 10038.0 5833.869248 1.0
10045.0 10046.0 10053.0 6578.323086 1.0
10083.0 10076.0 10071.0 6351.425401 1.0
10035.0 10007.0 10055.0 6618.867108 1.0
