-5.551115e-13
1.009742e-28
6.759038e-13
-8.381714e-13
-3.858526e-13
5.444452e-13
-2.390292e-14
7.162519e-13
-1.503585e-13
-9.883057e-13
7.740923e-13
-1.428523e-12
7.563919e-13
-6.759421e-13
-3.901187e-13
-1.591669e-13
1.230047e-16
2.287834e-12
-27.45997124
-86.60222696
-244.42025130
-615.45288356
-1376.78358602
-2719.55544327
-4699.23450949
-6993.36021201
-8704.12722384
-8465.42815382
-5051.37782075
1676.00872563
10105.49739428
17212.67731296
20000.00000000
17212.67731296
10105.49739428
1676.00872563
-5051.37782075
-8465.42815382
-8704.12722384
-6993.36021201
-4699.23450949
-2719.55544327
-1376.78358602
-615.45288356
-244.42025130
-86.60222696
-27.45997124
3.037570e-12
-3.903184e-13
5.551704e-13
5.898997e-13
9.054943e-13
6.582511e-14
-2.476167e-12
-6.661036e-13
-2.522073e-12
-1.449999e-12
-1.708168e-12
-4.745597e-13
-1.533887e-12
-2.309313e-14
-4.745203e-13
2.011286e-13
4.371623e-12
5.551115e-13