0.00000000
-2.775558e-13
-1.687155e-13
2.971440e-13
-7.017232e-13
2.289447e-13
4.000617e-14
1.482834e-13
1.435356e-13
-5.420745e-14
1.758387e-13
-4.580633e-13
-1.849214e-13
-1.119694e-13
2.131342e-13
-2.924207e-13
-9.813082e-14
5.719480e-13
-1.883711e-14
8.753867e-14
-6.617755e-13
-2.840756e-14
3.263437e-13
5.539066e-14
-19.27746964
-122.21012565
-553.74286945
-1748.60489005
-3650.95209613
-4336.27900828
-775.81906226
6209.28647313
10000.00000000
6209.28647313
-775.81906226
-4336.27900828
-3650.95209613
-1748.60489005
-553.74286945
-122.21012565
-19.27746964
3.552714e-13
-2.033959e-13
3.132396e-13
5.152697e-13
-1.001052e-13
-1.138723e-13
1.891765e-13
-2.943926e-13
1.794249e-13
2.393969e-13
-1.108830e-14
7.206737e-13
-6.189500e-13
-2.427862e-13
-4.536918e-13
4.567792e-14
-2.581357e-13
5.110161e-14
-9.307376e-14
6.596339e-14
-7.392979e-13
-9.314046e-13
9.414882e-13
2.019484e-28
