PETREL: Properties
5
i_index unit1 scale1
j_index unit1 scale1
k_index unit1 scale1
Ip unit1 scale1
Facies unit1 scale1
19 30 64 8999.801758 0.000000 
19 30 63 9022.602539 0.000000 
19 30 62 8560.949219 0.000000 
19 30 61 8480.557617 0.000000 
19 30 60 8984.752930 0.000000 
19 30 59 8642.254883 0.000000 
19 30 58 8417.937500 0.000000 
19 30 57 8164.728027 0.000000 
19 30 56 7255.355957 1.000000 
19 30 55 7886.113770 0.000000 
19 30 54 8505.208008 0.000000 
19 30 53 8658.849609 0.000000 
19 30 52 7406.791016 1.000000 
19 30 51 8021.522461 0.000000 
19 30 50 8887.616211 0.000000 
19 30 49 8619.250000 0.000000 
19 30 48 9022.811523 0.000000 
19 30 47 9346.537109 0.000000 
19 30 46 8059.817383 0.000000 
19 30 45 8090.396484 0.000000 
19 30 44 8390.893555 0.000000 
19 30 43 7374.234863 1.000000 
19 30 42 7114.018555 1.000000 
19 30 41 7678.002441 1.000000 
19 30 40 8088.755371 0.000000 
19 30 39 7827.501953 0.000000 
19 30 38 7273.609375 1.000000 
19 30 37 7604.250977 1.000000 
19 30 36 7524.540527 1.000000 
19 30 35 7993.590332 0.000000 
19 30 34 7505.215820 1.000000 
19 30 33 7264.457031 1.000000 
19 30 32 7179.946289 1.000000 
19 30 31 7126.749023 1.000000 
19 30 30 6959.526367 1.000000 
19 30 29 6463.087402 1.000000 
19 30 28 6521.987305 1.000000 
19 30 27 7433.645508 1.000000 
19 30 26 7213.250977 1.000000 
19 30 25 7163.217773 1.000000 
19 30 24 7231.853027 1.000000 
19 30 23 7100.889160 1.000000 
19 30 22 6805.755371 1.000000 
19 30 21 6868.121094 1.000000 
19 30 20 6774.649414 1.000000 
19 30 19 7332.423340 1.000000 
19 30 18 6943.264648 1.000000 
19 30 17 6496.975586 1.000000 
19 30 16 6323.584473 1.000000 
19 30 15 6594.489258 1.000000 
19 30 14 6098.580078 1.000000 
19 30 13 6578.862793 1.000000 
19 30 12 7583.193359 1.000000 
19 30 11 7790.314941 1.000000 
19 30 10 7104.955078 1.000000 
19 30 9 8333.717773 0.000000 
19 30 8 7766.834473 1.000000 
19 30 7 6569.639648 1.000000 
